019
020
024
027
035
061
062
070
074
075
092
096
098
102
104
108
109
112
122
121
129
128
131
132
137
162
156
169
171
194
209
218
220
221
223
228
233
237
238
267
268
269
270
274
275
280
281
278
279
283
284
285
286
287
288
289
291 
296
297
298
301
308
309
314
315
316
317
318
325
326
327
330
339
349
355
371
374
375
376
377
384
390
391
392
393
401
411
417
420
428
482
487
492
496
499
503
507
511
518
525
526
527 
538
546
553
554
555
572
573
576
577
631
648
650
703
715
716
717
718
729
732
761
773
863
864
900
928
1026
1177
1219
1254
1316
1445
1573
1574
1667
2055
2069
2070
2071
2072
2108
2166
2462
2524
2693
3308
3309
3310
3311
3315
3330
3331
3531